# Ref. Collision Integrals for the Exponential Repulsive Potential. (1959)
# T*    (1,1)       (1,2)       (2,2)
3.50,	0.187562,	0.444728,	0.503325
3.75,	0.190165,	0.459028,	0.506273
4.00,	0.192588,	0.472127,	0.508682
4.25,	0.194841,	0.484147,	0.510654
4.50,	0.196935,	0.495201,	0.512267
4.75,	0.198884,	0.505391,	0.513587
5.00,	0.200699,	0.514808,	0.514665
5.25,	0.202392,	0.523531,	0.515543
5.50,	0.203974,	0.531631,	0.516255
5.75,	0.205455,	0.539170,	0.516828
6.00,	0.206843,	0.546203,	0.517286
6.25,	0.208147,	0.552778,	0.517646
6.50,	0.209373,	0.558937,	0.517924
6.75,	0.210528,	0.564719,	0.518133
7.00,	0.211619,	0.570156,	0.518281
7.25,	0.212649,	0.575277,	0.518386
7.50,	0.213625,	0.580111,	0.518445
7.75,	0.214549,	0.584679,	0.518469
8.00,	0.215427,	0.589003,	0.518463
8.25,	0.216261,	0.593102,	0.518431
8.50,	0.217054,	0.596994,	0.518378
8.75,	0.217810,	0.600693,	0.518306
9.00,	0.218531,	0.604214,	0.518218
9.50,	0.219878,	0.610769,	0.518005
10.00,	0.221110,	0.616748,	0.517754
10.50,	0.222243,	0.622223,	0.517477
11.00,	0.223287,	0.627256,	0.517182
11.50,	0.224253,	0.631899,	0.516877
12.00,	0.225150,	0.636196,	0.516565
12.50,	0.225984,	0.640183,	0.516251
13.00,	0.226762,	0.643895,	0.515937
13.50,	0.227489,	0.647357,	0.515626
14.00,	0.228171,	0.650596,	0.515319
14.50,	0.228811,	0.653632,	0.515017
15.00,	0.229414,	0.656484,	0.514720
15.50,	0.229982,	0.659168,	0.514430
16.00,	0.230519,	0.661699,	0.514147
17.00,	0.231508,	0.666350,	0.513603
18.00,	0.232398,	0.670526,	0.513087
19.00,	0.233204,	0.674297,	0.512600
20.00,	0.233937,	0.677718,	0.512141
21.00,	0.234607,	0.680837,	0.511708
22.00,	0.235222,	0.683693,	0.511299
23.00,	0.235788,	0.686318,	0.510914
24.00,	0.236312,	0.688739,	0.510551
25.00,	0.236797,	0.690979,	0.510208
26.00,	0.237248,	0.693058,	0.509884
27.00,	0.237668,	0.694992,	0.509578
28.00,	0.238061,	0.696797,	0.509287
28.50,	0.238247,	0.697656,	0.509148