# T*,	(1,1)*,	(1,2)*,	(1,3)*,	(2,2)*,	(2,3)*,	(2,4)*,	(2,5)*
0.3,	2.662,	2.256,	1.962,	2.785,	2.535,	2.333,	2.152
0.35,	2.476,	2.078,	1.795,	2.628,	2.375,	2.163,	1.978
0.4,	2.318,	1.931,	1.663,	2.492,	2.232,	2.016,	1.833
0.45,	2.184,	1.808,	1.556,	2.368,	2.105,	1.889,	1.713
0.5,	2.066,	1.705,	1.468,	2.257,	1.992,	1.781,	1.614
0.55,	1.966,	1.618,	1.396,	2.156,	1.893,	1.689,	1.532
0.6,	1.877,	1.543,	1.336,	2.065,	1.806,	1.61,	1.463
0.65,	1.798,	1.479,	1.285,	1.982,	1.729,	1.542,	1.406
0.7,	1.729,	1.423,	1.242,	1.908,	1.661,	1.484,	1.357
0.75,	1.667,	1.375,	1.205,	1.841,	1.602,	1.434,	1.315
0.8,	1.612,	1.332,	1.172,	1.78,	1.549,	1.389,	1.278
0.85,	1.562,	1.295,	1.144,	1.725,	1.502,	1.35,	1.247
0.9,	1.517,	1.261,	1.119,	1.675,	1.46,	1.316,	1.219
0.95,	1.476,	1.231,	1.096,	1.629,	1.422,	1.286,	1.194
1,	1.439,	1.204,	1.076,	1.587,	1.388,	1.258,	1.172
1.05,	1.406,	1.179,	1.058,	1.549,	1.357,	1.234,	1.152
1.1,	1.375,	1.157,	1.041,	1.514,	1.329,	1.212,	1.135
1.15,	1.346,	1.137,	1.027,	1.482,	1.304,	1.192,	1.119
1.2,	1.32,	1.119,	1.013,	1.452,	1.28,	1.174,	1.104
1.25,	1.296,	1.102,	1,	1.424,	1.259,	1.157,	1.091
1.3,	1.273,	1.086,	0.9887,	1.399,	1.239,	1.142,	1.078
1.35,	1.253,	1.072,	0.978,	1.375,	1.221,	1.128,	1.067
1.4,	1.233,	1.059,	0.968,	1.353,	1.205,	1.115,	1.057
1.45,	1.215,	1.046,	0.9588,	1.333,	1.189,	1.103,	1.047
1.5,	1.198,	1.034,	0.9502,	1.314,	1.175,	1.092,	1.037
1.55,	1.182,	1.023,	0.942,	1.296,	1.162,	1.081,	1.029
1.6,	1.167,	1.013,	0.9345,	1.279,	1.149,	1.072,	1.022
1.65,	1.153,	1.004,	0.9272,	1.264,	1.137,	1.063,	1.014
1.7,	1.14,	0.9947,	0.9205,	1.248,	1.126,	1.054,	1.007
1.75,	1.128,	0.986,	0.9142,	1.234,	1.116,	1.046,	1
1.8,	1.116,	0.978,	0.9082,	1.221,	1.106,	1.038,	0.9942
1.85,	1.105,	0.9707,	0.9023,	1.209,	1.097,	1.031,	0.9875
1.9,	1.094,	0.9633,	0.8968,	1.197,	1.088,	1.024,	0.9825
1.95,	1.084,	0.9567,	0.8917,	1.186,	1.08,	1.018,	0.9767
2,	1.075,	0.95,	0.8867,	1.175,	1.073,	1.012,	0.9717
2.1,	1.057,	0.938,	0.8775,	1.156,	1.055,	1,	0.9617
2.2,	1.041,	0.9267,	0.8688,	1.138,	1.045,	0.9895,	0.9525
2.3,	1.026,	0.9167,	0.8612,	1.122,	1.033,	0.98,	0.945
2.4,	1.012,	0.9073,	0.8538,	1.107,	1.022,	0.971,	0.9375
2.5,	0.9996,	0.8987,	0.847,	1.093,	1.012,	0.963,	0.93
2.6,	0.9878,	0.8907,	0.8407,	1.081,	1.002,	0.9555,	0.9233
2.7,	0.977,	0.8833,	0.8347,	1.069,	0.9935,	0.9485,	0.9175
2.8,	0.9672,	0.8767,	0.829,	1.058,	0.9855,	0.9415,	0.9117
2.9,	0.9576,	0.87,	0.8237,	1.048,	0.978,	0.9355,	0.9058
3,	0.949,	0.864,	0.8187,	1.039,	0.9708,	0.9295,	0.9008
3.1,	0.9406,	0.858,	0.8138,	1.03,	0.9643,	0.924,	0.8958
3.2,	0.9328,	0.852,	0.8093,	1.022,	0.9578,	0.9185,	0.8908
3.3,	0.9256,	0.8473,	0.8048,	1.014,	0.9518,	0.9135,	0.8867
3.4,	0.9186,	0.842,	0.8007,	1.007,	0.9463,	0.9085,	0.8825
3.5,	0.912,	0.8373,	0.7967,	0.9999,	0.9408,	0.904,	0.8783
3.6,	0.9058,	0.8327,	0.7928,	0.9932,	0.9358,	0.8995,	0.8742
3.7,	0.8998,	0.8287,	0.7892,	0.987,	0.9308,	0.8955,	0.87
3.8,	0.8942,	0.824,	0.7857,	0.9811,	0.9263,	0.8915,	0.8667
3.9,	0.8888,	0.82,	0.7822,	0.9755,	0.9218,	0.8875,	0.8633
4,	0.8836,	0.8167,	0.779,	0.97,	0.9175,	0.884,	0.8592
4.1,	0.8788,	0.8127,	0.7758,	0.9649,	0.9133,	0.8805,	0.8558
4.2,	0.874,	0.8093,	0.7727,	0.96,	0.9093,	0.877,	0.8533
4.3,	0.8694,	0.806,	0.7697,	0.9553,	0.9055,	0.8735,	0.85
4.4,	0.8652,	0.8027,	0.7668,	0.9507,	0.9018,	0.8705,	0.8467
4.5,	0.861,	0.7993,	0.764,	0.9464,	0.8985,	0.867,	0.8442
4.6,	0.8568,	0.796,	0.7613,	0.9422,	0.895,	0.864,	0.8408
4.7,	0.853,	0.7933,	0.7585,	0.9382,	0.8918,	0.861,	0.8383
4.8,	0.8492,	0.7907,	0.756,	0.9343,	0.8885,	0.8585,	0.8358
4.9,	0.8456,	0.7873,	0.7535,	0.9305,	0.8855,	0.8555,	0.8332
5,	0.8422,	0.7847,	0.751,	0.9269,	0.8823,	0.853,	0.8307
6,	0.8124,	0.7607,	0.7295,	0.8963,	0.8565,	0.8295,	0.8083
7,	0.7896,	0.742,	0.712,	0.8727,	0.836,	0.8105,	0.7902
8,	0.7712,	0.726,	0.6973,	0.8538,	0.8193,	0.7945,	0.7749
9,	0.7556,	0.7127,	0.6847,	0.8379,	0.8048,	0.781,	0.7617
10,	0.7424,	0.7013,	0.6735,	0.8242,	0.7923,	0.769,	0.7501
20,	0.664,	0.6293,	0.6048,	0.7432,	0.716,	0.695,	0.6783
30,	0.6232,	0.5909,	0.568,	0.7005,	0.675,	0.6555,	0.6396
40,	0.596,	0.5651,	0.5432,	0.6718,	0.6475,	0.6285,	0.6135
50,	0.5756,	0.5459,	0.5248,	0.6504,	0.6268,	0.6085,	0.594
60,	0.5596,	0.5307,	0.51,	0.6335,	0.6105,	0.593,	0.5784
70,	0.5464,	0.5181,	0.498,	0.6194,	0.597,	0.5795,	0.5657
80,	0.5352,	0.5075,	0.4878,	0.6076,	0.5855,	0.5685,	0.5548
90,	0.5256,	0.4984,	0.479,	0.5973,	0.5755,	0.559,	0.5454
100,	0.517,	0.4903,	0.4713,	0.5882,	0.567,	0.5505,	0.5371
200,	0.4644,	0.4403,	0.4233,	0.532,	0.5128,	0.4978,	0.4857
300,	0.436,	0.4135,	0.3975,	0.5016,	0.4835,	0.4694,	0.458
400,	0.417,	0.3955,	0.3802,	0.4811,	0.4638,	0.4502,	0.4393
