# Omega(1,1)
# C, 4, 6, 8, 20
# T*, 0.004, 0.01, 0.02, 0.04, 0.1, 0.2, 0.4,1,2,4,10,20,40,100,200
7.0039,	4.2323,	    3.1590,	1.6882
6.0782,	3.7030,	    2.7997,	1.5739
5.4385,	3.3374,	    2.5475,	1.4908
4.8363,	3.0005,	    2.3136,	1.4109
4.0509,	2.5911,	    2.0331,	1.3117
3.3969,	2.2879,	    1.8382,	1.2428
2.5430,	1.9261,	    1.6330,	1.1800
1.4859,	1.3598,	    1.2870,	1.1030
1.0321,	1.0522,	    1.0572,	1.0364
0.7889,	0.8685,	    0.9097,	0.9673
0.5940,	0.7193,	    0.7872,	0.9061
0.4808,	0.6310,	    0.7149,	0.8783
0.3806,	0.5504,	    0.6488,	0.8488
0.2645,	0.4512,	    0.5659,	0.8095
0.1896,	0.38157,	0.5060,	0.7798
# C, 2, 4
# T*, 0.004, 0.01, 0.02, 0.04, 0.1, 0.2, 0.4,1,2,4
21.3303,	7.0039
18.5383,	6.0782
16.3252,	5.4385
13.9429,	4.8363
10.6486,	4.0509
7.6296,	    3.3969
4.4535,	    2.5430
1.8140,	    1.4859
0.9790,	    1.0321
0.5830,	    0.7889
# C, 1, 2
# T*, 0.004, 0.01, 0.02, 0.04, 0.1, 0.2, 0.4
81.543,	21.3303
68.217,	18.5383
57.238,	16.3252
46.596,	13.9429
32.674,	10.6486
19.597,	7.6296
9.169,	4.4535

# Omega(2,2)
# C, 4, 6, 8, 20
# T*, 0.004, 0.01, 0.02, 0.04, 0.1, 0.2, 0.4,1,2,4,10,20,40,100,200
7.9153,	4.8452,	3.5914,	1.8187
6.7197,	4.2226,	3.1867,	1.6986
5.8879,	3.7824,	2.8992,	1.6105
5.1122,	3.3665,	2.6269,	1.5246
4.1757,	2.8514,	2.2896,	1.4171
3.5466,	2.4906,	2.0481,	1.3410
2.8232,	2.1349,	1.8131,	1.2692
1.6903,	1.5224,	1.4217,	1.1741
1.1708,	1.1611,	1.1513,	1.0821
0.9084,	0.9629,	0.9874,	0.9783
0.7071,	0.8122,	0.8638,	0.9359
0.5856,	0.7228,	0.7928,	0.9174
0.4740,	0.6389,	0.7262,	0.8892
0.3394,	0.5326,	0.6404,	0.8502
0.2491,	0.4561,	0.5771,	0.8205
# C, 2, 4
# T*, 0.004, 0.01, 0.02, 0.04, 0.1, 0.2, 0.4,1,2,4
21.6425,	7.9153
17.7060,	6.7197
14.9869,	5.8879
12.5350,	5.1122
9.7379,	    4.1757
7.8154,	    3.5466
5.0400,	    2.8232
2.1403,	    1.6903
1.1794,	    1.1708
0.7362,	    0.9084
# C, 1, 2
# T*, 0.004, 0.01, 0.02, 0.04, 0.1, 0.2, 0.4
68.632,	21.6425
54.950,	17.7060
45.519,	14.9869
36.871,	12.5350
28.463,	9.7379
20.628,	7.8154
10.731,	5.0400